0 219 158 351 123 253 147 11 44 94 73 179 78 213 329 50 207 50 65 383 277 69 121 111 24 43 152 92 40 
219 0 374 447 200 299 182 222 178 202 290 41 295 64 472 264 12 269 252 428 442 285 216 108 240 176 331 309 255 
158 374 0 396 255 385 233 151 199 184 80 334 108 364 352 105 362 106 134 464 300 95 239 266 136 199 175 66 121 
351 447 396 0 247 164 466 356 356 404 328 488 294 383 44 341 459 327 393 72 96 304 230 421 350 352 221 378 333 
123 200 255 247 0 130 237 127 128 190 181 241 145 137 271 158 212 161 180 260 241 160 16 192 131 124 131 206 146 
253 299 385 164 130 0 367 257 259 320 311 339 275 235 205 288 311 291 310 130 198 290 146 322 261 253 260 336 276 
147 182 233 466 237 367 0 135 116 48 200 142 220 245 471 174 170 188 98 498 419 212 235 85 177 113 294 167 186 
11 222 151 356 127 257 135 0 40 83 71 182 90 213 340 46 210 58 53 388 288 81 126 111 35 44 163 90 51 
44 178 199 356 128 259 116 40 0 61 112 138 120 173 369 86 166 94 91 388 318 110 126 71 64 4 193 130 81 
94 202 184 404 190 320 48 83 61 0 151 162 172 234 422 126 190 139 50 450 371 164 188 94 118 65 245 119 135 
73 290 80 328 181 311 200 71 112 151 0 250 36 285 283 26 278 26 101 398 232 23 166 182 50 115 107 52 45 
179 41 334 488 241 339 142 182 138 162 250 0 254 104 504 224 29 229 212 470 452 245 257 68 199 136 327 269 216 
78 295 108 294 145 275 220 90 120 172 36 254 0 282 250 49 282 35 124 364 198 14 129 186 56 119 73 86 39 
213 64 364 383 137 235 245 213 173 234 285 104 282 0 408 259 76 263 265 365 378 279 153 171 234 170 268 303 250 
329 472 352 44 271 205 471 340 369 422 283 504 250 408 0 297 484 283 372 115 52 259 255 437 306 369 177 333 289 
50 264 105 341 158 288 174 46 86 126 26 224 49 259 297 0 252 14 76 411 245 38 156 157 26 90 120 67 33 
207 12 362 459 212 311 170 210 166 190 278 29 282 76 484 252 0 257 240 442 454 273 228 96 227 164 343 297 243 
50 269 106 327 161 291 188 58 94 139 26 229 35 263 283 14 257 0 89 397 231 23 159 161 30 94 106 78 19 
65 252 134 393 180 310 98 53 91 50 101 212 124 265 372 76 240 89 0 424 321 114 178 144 83 91 196 69 100 
383 428 464 72 260 130 498 388 388 450 398 470 364 365 115 411 442 397 424 0 167 374 268 453 392 384 293 448 403 
277 442 300 96 241 198 419 288 318 371 232 452 198 378 52 245 454 231 321 167 0 208 225 385 254 317 125 282 238 
69 285 95 304 160 290 212 81 110 164 23 245 14 279 259 38 273 23 114 374 208 0 144 177 47 110 83 74 30 
121 216 239 230 16 146 235 126 126 188 166 257 129 153 255 156 228 159 178 268 225 144 0 190 129 122 114 204 144 
111 108 266 421 192 322 85 111 71 94 182 68 186 171 437 157 96 161 144 453 385 177 190 0 132 68 260 201 148 
24 240 136 350 131 261 177 35 64 118 50 199 56 234 306 26 227 30 83 392 254 47 129 132 0 64 129 74 17 
43 176 199 352 124 253 113 44 4 65 115 136 119 170 369 90 164 94 91 384 317 110 122 68 64 0 192 134 80 
152 331 175 221 131 260 294 163 193 245 107 327 73 268 177 120 343 106 196 293 125 83 114 260 129 192 0 157 113 
92 309 66 378 206 336 167 90 130 119 52 269 86 303 333 67 297 78 69 448 282 74 204 201 74 134 157 0 92 
40 255 121 333 146 276 186 51 81 135 45 216 39 250 289 33 243 19 100 403 238 30 144 148 17 80 113 92 0 
